3.118453325558807850e+08
1.790480184899357706e+07
5.763168252841563663e+05
1.424446491151069349e+05
3.470695331725596770e+04
4.238468987011193349e+03
2.773506978153101500e+03
3.368132430024121504e+02
2.187670469601162608e+02
1.608538578500185281e+02
2.649329232644184628e+01
8.660143228644214375e+00
6.462873283934742474e+00
2.025236963933157330e+00
1.172308201483804435e+00
6.384708120328304037e-01
2.936116960422200939e-01
9.256933651135873520e-02
5.505935342845654640e-02
1.738797066433625527e-02
9.573046503216260314e-03
8.654311745868403100e-03
4.200728601044963727e-03
2.308546812632299421e-03
4.450251848161215968e-04
1.273936269124000085e-04
7.568635368296573404e-05
2.636495893080060694e-05
2.117783661982768913e-06
6.688717158747983240e-07
2.691638284081099796e-23
9.567273496454714455e-24
6.776705031184638822e-24
5.538379732913852576e-24
2.846824827841669269e-24
2.449284554782064494e-24
2.405544834541023458e-24
2.405544834541023458e-24
2.405544834541023458e-24
2.405544834541023458e-24
2.405544834541023458e-24
2.405544834541023458e-24
2.405544834541023458e-24
2.405544834541023458e-24
2.405544834541023458e-24
2.405544834541023458e-24
2.405544834541023458e-24
2.405544834541023458e-24
2.405544834541023458e-24
2.405544834541023458e-24
2.405544834541023458e-24
2.405544834541023458e-24
2.405544834541023458e-24
2.405544834541023458e-24
2.405544834541023458e-24
2.405544834541023458e-24
2.405544834541023458e-24
2.405544834541023458e-24
2.405544834541023458e-24
2.405544834541023458e-24
2.405544834541023458e-24
2.405544834541023458e-24
2.405544834541023458e-24
2.405544834541023458e-24
2.405544834541023458e-24
2.405544834541023458e-24
2.405544834541023458e-24
2.405544834541023458e-24
2.405544834541023458e-24
2.405544834541023458e-24
2.405544834541023458e-24
2.405544834541023458e-24
2.405544834541023458e-24
2.405544834541023458e-24
2.405544834541023458e-24
2.405544834541023458e-24
2.405544834541023458e-24
2.405544834541023458e-24
2.405544834541023458e-24
2.405544834541023458e-24
2.405544834541023458e-24
2.405544834541023458e-24
2.405544834541023458e-24
2.405544834541023458e-24
2.405544834541023458e-24
2.405544834541023458e-24
2.405544834541023458e-24
2.405544834541023458e-24
2.405544834541023458e-24
2.405544834541023458e-24
2.405544834541023458e-24
2.405544834541023458e-24
2.405544834541023458e-24
2.405544834541023458e-24
2.405544834541023458e-24
2.405544834541023458e-24
2.405544834541023458e-24
2.405544834541023458e-24
2.405544834541023458e-24
2.405544834541023458e-24
2.405544834541023458e-24
2.405544834541023458e-24
2.405544834541023458e-24
2.405544834541023458e-24
2.405544834541023458e-24
2.405544834541023458e-24
2.405544834541023458e-24
2.405544834541023458e-24
2.405544834541023458e-24
2.405544834541023458e-24
2.405544834541023458e-24
2.405544834541023458e-24
2.405544834541023458e-24
2.405544834541023458e-24
2.405544834541023458e-24
2.405544834541023458e-24
2.405544834541023458e-24
8.539025860441555381e-25
7.174748501667148399e-25
3.554017070745790879e-25
