2.926930732707170248e+08
2.345667801115554944e+07
5.723974289373924024e+06
8.641272323624701239e+05
1.273306821891210857e+05
5.622017694005727390e+04
1.728275990816211925e+04
1.226875132055687573e+04
6.998484332785502374e+03
4.156580247597942616e+03
2.540453827362155607e+03
1.533234114932941566e+03
8.489672193104106555e+02
3.117563663279439652e+02
2.205144425570129840e+02
1.735533836605566478e+02
1.238418742884358323e+02
1.056790660031347784e+02
4.622198080232211481e+01
3.509691071031677012e+01
2.665208341950981819e+01
2.153713215668907566e+01
1.559846884893311625e+01
1.135280819233466865e+01
9.942408821429420840e+00
8.608189574822329604e+00
5.793469264669443675e+00
4.091754704322762670e+00
3.247999887179728429e+00
2.971277964459309029e+00
2.005834901472094867e+00
1.828646435910658230e+00
1.559041243831967849e+00
1.306274340857231486e+00
1.007346803225181553e+00
8.632758574864535239e-01
6.606689755690239307e-01
2.927628906419743604e-01
2.805800484153583296e-01
2.411028294817317286e-01
1.563386366520138071e-01
1.470865495652187993e-01
1.413499705829768804e-01
1.199709871789381294e-01
9.679308706333646095e-02
9.260197710326439902e-02
7.617184804194182535e-02
5.762660632751952228e-02
4.954652216291185324e-02
4.774508151960739355e-02
4.622685567576773069e-02
2.711733464935944804e-02
2.680052433600272482e-02
1.836734734860078974e-02
1.699806312629669955e-02
1.443778383117757039e-02
1.287663942607323794e-02
1.168967203297657451e-02
9.552129259971174277e-03
7.065657366936975090e-03
5.397455771859000981e-03
4.054710682258570384e-03
3.748828605189762943e-03
3.130629363750812248e-03
2.687846184971706166e-03
2.448747665956561414e-03
1.875261161895969966e-03
1.596811687719458268e-03
1.439442455419930262e-03
1.027590579471760824e-03
1.014626232660486823e-03
7.858349426528750403e-04
7.589617137540508171e-04
5.149390780098706552e-04
4.599946084572483721e-04
4.102450612658868406e-04
3.541444071836969461e-04
3.348996182673409086e-04
2.983895057013182558e-04
2.557917958959312504e-04
2.291144999943224092e-04
1.993908005244418200e-04
1.945807507588643887e-04
1.515990825509264182e-04
1.150088634139409641e-04
9.585987681881017657e-05
7.756996161955953637e-05
6.497885586199127715e-05
5.745782210444894480e-05
4.989809193756451772e-05
3.817285398833422438e-05
3.377072967036263463e-05
2.913276676369788210e-05
2.547604657702389944e-05
1.926854367103587689e-05
1.394421592238840039e-05
9.842930283953186586e-06
8.667057246723486961e-06
8.043673701732807120e-06
6.908337356419358366e-06
5.274833975609111542e-06
4.561666493474747767e-06
3.775392727508500850e-06
3.350352417989164454e-06
2.921453195223243204e-06
2.762415656570499190e-06
2.099393648248713866e-06
1.478645482597582953e-06
1.305881779019482750e-06
9.196783994923851786e-07
8.155819544284241252e-07
7.504261035460760817e-07
6.482044634198815218e-07
4.568448459121378641e-07
3.869684153446574924e-07
3.108842888112289495e-07
2.217173732979505385e-07
1.786163043829474406e-07
1.285943496159915177e-07
9.880552385493505819e-08
7.873358400398086480e-08
4.779941361168819727e-08
4.142153620718777567e-08
3.512760398831070193e-08
2.278152877059460319e-08
1.974600563364377683e-08
1.656757215173528757e-08
9.945803502921977880e-09
8.510120526281455524e-09
5.777568302785666589e-09
5.602352703678851267e-09
4.604147300369376712e-09
3.419674217229604853e-09
2.414576860694028752e-09
1.714234487390968669e-09
1.178657791807399792e-09
5.729844849267074996e-10
5.014788339290898858e-10
3.616289428558528051e-10
2.249692992181144369e-10
1.323218189775910681e-10
4.673410953476248535e-11
1.988583388589436783e-11
1.436177362015424940e-23
4.357550596970742818e-24
1.776636288043659767e-24
1.431527660470656165e-24
1.431527660470656165e-24
1.431527660470656165e-24
1.431527660470656165e-24
1.431527660470656165e-24
1.431527660470656165e-24
1.431527660470656165e-24
1.431527660470656165e-24
1.431527660470656165e-24
1.431527660470656165e-24
1.431527660470656165e-24
1.431527660470656165e-24
1.431527660470656165e-24
1.431527660470656165e-24
1.431527660470656165e-24
1.431527660470656165e-24
1.431527660470656165e-24
1.431527660470656165e-24
1.431527660470656165e-24
1.431527660470656165e-24
1.431527660470656165e-24
1.431527660470656165e-24
1.431527660470656165e-24
1.431527660470656165e-24
1.431527660470656165e-24
1.431527660470656165e-24
1.431527660470656165e-24
1.431527660470656165e-24
1.431527660470656165e-24
1.431527660470656165e-24
1.431527660470656165e-24
1.431527660470656165e-24
1.431527660470656165e-24
1.431527660470656165e-24
1.431527660470656165e-24
1.431527660470656165e-24
1.431527660470656165e-24
1.431527660470656165e-24
1.431527660470656165e-24
1.431527660470656165e-24
1.431527660470656165e-24
1.431527660470656165e-24
1.431527660470656165e-24
1.431527660470656165e-24
1.431527660470656165e-24
1.431527660470656165e-24
1.431527660470656165e-24
1.431527660470656165e-24
1.431527660470656165e-24
1.431527660470656165e-24
1.431527660470656165e-24
1.431527660470656165e-24
1.431527660470656165e-24
1.431527660470656165e-24
1.431527660470656165e-24
1.431527660470656165e-24
1.431527660470656165e-24
1.431527660470656165e-24
1.431527660470656165e-24
1.431527660470656165e-24
1.431527660470656165e-24
1.431527660470656165e-24
1.431527660470656165e-24
1.431527660470656165e-24
1.431527660470656165e-24
1.431527660470656165e-24
1.431527660470656165e-24
1.431527660470656165e-24
1.431527660470656165e-24
1.431527660470656165e-24
1.431527660470656165e-24
1.431527660470656165e-24
1.431527660470656165e-24
1.431527660470656165e-24
1.431527660470656165e-24
1.431527660470656165e-24
1.431527660470656165e-24
1.431527660470656165e-24
1.431527660470656165e-24
1.431527660470656165e-24
1.431527660470656165e-24
1.431527660470656165e-24
1.431527660470656165e-24
1.431527660470656165e-24
1.431527660470656165e-24
1.431527660470656165e-24
1.431527660470656165e-24
1.431527660470656165e-24
1.431527660470656165e-24
1.431527660470656165e-24
1.431527660470656165e-24
1.431527660470656165e-24
1.431527660470656165e-24
1.431527660470656165e-24
1.431527660470656165e-24
1.431527660470656165e-24
1.431527660470656165e-24
1.431527660470656165e-24
1.431527660470656165e-24
1.431527660470656165e-24
1.431527660470656165e-24
1.431527660470656165e-24
1.431527660470656165e-24
1.431527660470656165e-24
1.431527660470656165e-24
1.431527660470656165e-24
1.431527660470656165e-24
1.431527660470656165e-24
1.431527660470656165e-24
1.431527660470656165e-24
1.431527660470656165e-24
1.431527660470656165e-24
1.431527660470656165e-24
1.431527660470656165e-24
1.431527660470656165e-24
1.431527660470656165e-24
1.431527660470656165e-24
1.431527660470656165e-24
1.431527660470656165e-24
1.431527660470656165e-24
1.431527660470656165e-24
1.431527660470656165e-24
1.431527660470656165e-24
1.431527660470656165e-24
1.431527660470656165e-24
1.431527660470656165e-24
1.431527660470656165e-24
1.431527660470656165e-24
1.431527660470656165e-24
1.431527660470656165e-24
1.431527660470656165e-24
1.431527660470656165e-24
1.431527660470656165e-24
1.431527660470656165e-24
1.431527660470656165e-24
1.431527660470656165e-24
1.431527660470656165e-24
1.431527660470656165e-24
1.431527660470656165e-24
1.431527660470656165e-24
1.431527660470656165e-24
1.431527660470656165e-24
1.431527660470656165e-24
1.431527660470656165e-24
1.431527660470656165e-24
1.431527660470656165e-24
1.431527660470656165e-24
1.431527660470656165e-24
1.431527660470656165e-24
1.431527660470656165e-24
1.431527660470656165e-24
1.431527660470656165e-24
1.431527660470656165e-24
1.431527660470656165e-24
1.431527660470656165e-24
1.431527660470656165e-24
1.431527660470656165e-24
1.431527660470656165e-24
1.431527660470656165e-24
1.431527660470656165e-24
1.431527660470656165e-24
1.431527660470656165e-24
1.431527660470656165e-24
1.431527660470656165e-24
1.431527660470656165e-24
1.431527660470656165e-24
1.431527660470656165e-24
1.431527660470656165e-24
1.431527660470656165e-24
1.431527660470656165e-24
1.431527660470656165e-24
1.431527660470656165e-24
1.431527660470656165e-24
1.431527660470656165e-24
1.431527660470656165e-24
1.431527660470656165e-24
1.431527660470656165e-24
1.431527660470656165e-24
1.431527660470656165e-24
1.431527660470656165e-24
1.431527660470656165e-24
1.431527660470656165e-24
1.431527660470656165e-24
1.431527660470656165e-24
1.431527660470656165e-24
1.431527660470656165e-24
1.431527660470656165e-24
1.431527660470656165e-24
1.431527660470656165e-24
1.431527660470656165e-24
1.431527660470656165e-24
1.431527660470656165e-24
1.431527660470656165e-24
1.431527660470656165e-24
1.431527660470656165e-24
1.431527660470656165e-24
1.431527660470656165e-24
1.431527660470656165e-24
1.431527660470656165e-24
1.431527660470656165e-24
1.431527660470656165e-24
1.431527660470656165e-24
1.431527660470656165e-24
1.431527660470656165e-24
1.431527660470656165e-24
1.431527660470656165e-24
1.431527660470656165e-24
1.431527660470656165e-24
1.431527660470656165e-24
1.431527660470656165e-24
1.431527660470656165e-24
1.431527660470656165e-24
1.431527660470656165e-24
1.431527660470656165e-24
1.431527660470656165e-24
1.431527660470656165e-24
1.431527660470656165e-24
1.431527660470656165e-24
1.431527660470656165e-24
1.431527660470656165e-24
1.431527660470656165e-24
1.431527660470656165e-24
1.431527660470656165e-24
1.431527660470656165e-24
1.431527660470656165e-24
1.431527660470656165e-24
1.431527660470656165e-24
1.431527660470656165e-24
1.431527660470656165e-24
1.431527660470656165e-24
1.431527660470656165e-24
1.431527660470656165e-24
1.431527660470656165e-24
1.431527660470656165e-24
1.431527660470656165e-24
1.431527660470656165e-24
1.431527660470656165e-24
1.431527660470656165e-24
1.431527660470656165e-24
1.431527660470656165e-24
1.431527660470656165e-24
1.431527660470656165e-24
1.431527660470656165e-24
1.431527660470656165e-24
1.431527660470656165e-24
1.431527660470656165e-24
1.431527660470656165e-24
1.431527660470656165e-24
1.431527660470656165e-24
1.431527660470656165e-24
1.431527660470656165e-24
1.431527660470656165e-24
1.431527660470656165e-24
1.431527660470656165e-24
1.431527660470656165e-24
1.431527660470656165e-24
1.431527660470656165e-24
1.431527660470656165e-24
1.431527660470656165e-24
1.431527660470656165e-24
1.431527660470656165e-24
1.431527660470656165e-24
1.431527660470656165e-24
1.431527660470656165e-24
1.431527660470656165e-24
1.431527660470656165e-24
1.431527660470656165e-24
1.431527660470656165e-24
1.431527660470656165e-24
1.431527660470656165e-24
1.431527660470656165e-24
1.431527660470656165e-24
1.431527660470656165e-24
1.431527660470656165e-24
1.431527660470656165e-24
1.431527660470656165e-24
1.431527660470656165e-24
1.431527660470656165e-24
1.431527660470656165e-24
1.431527660470656165e-24
1.431527660470656165e-24
1.431527660470656165e-24
1.431527660470656165e-24
1.431527660470656165e-24
1.244022551382164303e-25
1.011668698324939176e-25
