1.050518055605215020e+07
8.199384847849740181e+05
1.288793531122826826e+05
4.545761136845214787e+04
4.838475853660927896e+03
9.779507897503160621e+02
8.326838271142736403e+02
9.064513369602099147e+01
4.945783323600071668e+01
3.348353262492391025e+01
6.157024354912529418e+00
2.109802989079859081e+00
1.149063836329512700e+00
3.720993371362609770e-01
1.949232433303736967e-01
1.307849589243340327e-01
4.807920226075192843e-02
1.279467585065683158e-02
6.398414144579571243e-03
2.569792892913847025e-03
2.059000534803297634e-03
1.418424646652172941e-03
4.084900364956712995e-04
2.463442857117710940e-04
6.750440833401294720e-05
1.526857199291379848e-05
9.339888374356723375e-06
2.698963744847976222e-06
2.938158240751958913e-07
8.371994439895760690e-08
2.790296076687087331e-24
1.553078559872956816e-24
6.310124792931759815e-25
5.598254961034197378e-25
4.254167567107685195e-25
3.703936809072753461e-25
3.335216719768831303e-25
2.729103688390880737e-25
2.541204588650674307e-25
1.843927284828044842e-25
1.541978906592002422e-25
1.012900157198353593e-25
1.012900157198353593e-25
1.012900157198353593e-25
1.012900157198353593e-25
1.012900157198353593e-25
1.012900157198353593e-25
1.012900157198353593e-25
1.012900157198353593e-25
1.012900157198353593e-25
1.012900157198353593e-25
1.012900157198353593e-25
1.012900157198353593e-25
1.012900157198353593e-25
1.012900157198353593e-25
1.012900157198353593e-25
1.012900157198353593e-25
1.012900157198353593e-25
1.012900157198353593e-25
1.012900157198353593e-25
1.012900157198353593e-25
1.012900157198353593e-25
1.012900157198353593e-25
1.012900157198353593e-25
1.012900157198353593e-25
1.012900157198353593e-25
1.012900157198353593e-25
1.012900157198353593e-25
1.012900157198353593e-25
1.012900157198353593e-25
1.012900157198353593e-25
1.012900157198353593e-25
1.012900157198353593e-25
1.012900157198353593e-25
1.012900157198353593e-25
1.012900157198353593e-25
1.012900157198353593e-25
1.012900157198353593e-25
1.012900157198353593e-25
1.012900157198353593e-25
1.012900157198353593e-25
1.012900157198353593e-25
1.012900157198353593e-25
1.012900157198353593e-25
1.012900157198353593e-25
1.012900157198353593e-25
1.012900157198353593e-25
1.012900157198353593e-25
1.012900157198353593e-25
1.012900157198353593e-25
1.012900157198353593e-25
1.012900157198353593e-25
1.012900157198353593e-25
1.012900157198353593e-25
1.012900157198353593e-25
1.012900157198353593e-25
1.012900157198353593e-25
1.012900157198353593e-25
1.012900157198353593e-25
1.012900157198353593e-25
1.012900157198353593e-25
1.012900157198353593e-25
1.012900157198353593e-25
1.012900157198353593e-25
1.012900157198353593e-25
1.012900157198353593e-25
1.012900157198353593e-25
1.012900157198353593e-25
1.012900157198353593e-25
1.012900157198353593e-25
1.012900157198353593e-25
1.012900157198353593e-25
1.012900157198353593e-25
1.012900157198353593e-25
1.012900157198353593e-25
5.188497042873224088e-26
4.675919323894889308e-26
3.759354152855124823e-26
3.076162104762897547e-26
2.881781243611041745e-26
