1.250248871906375140e+07
8.586600739920238266e+05
2.958015307803680480e+04
2.463857755282694416e+04
5.627972869346963307e+03
3.933471358600980238e+03
7.013658130277118516e+02
4.772639574780831708e+02
3.696868444892452317e+02
3.067796920711020903e+02
2.224279696180858537e+02
4.041965236979731202e+01
2.210331181481431884e+01
7.268547249678412925e+00
6.146489526951040894e+00
4.876020928709709518e-06
1.507952340756325372e-06
2.579973208444829282e-07
2.121463917106211116e-07
1.876784696315413685e-08
3.813733538182268819e-09
2.302050323922684134e-09
1.038445756630246303e-09
8.260014824074963698e-10
3.330453725811050240e-10
1.375552495584602422e-10
8.500179299028275872e-12
5.912143366342461557e-25
2.174947641650358833e-25
1.234543950474159692e-25
1.234543950474159692e-25
1.234543950474159692e-25
1.234543950474159692e-25
1.234543950474159692e-25
1.234543950474159692e-25
1.234543950474159692e-25
1.234543950474159692e-25
1.234543950474159692e-25
1.234543950474159692e-25
1.234543950474159692e-25
1.234543950474159692e-25
1.234543950474159692e-25
1.234543950474159692e-25
1.234543950474159692e-25
1.234543950474159692e-25
1.234543950474159692e-25
1.234543950474159692e-25
1.234543950474159692e-25
1.234543950474159692e-25
1.234543950474159692e-25
1.234543950474159692e-25
1.234543950474159692e-25
1.234543950474159692e-25
1.234543950474159692e-25
1.234543950474159692e-25
1.234543950474159692e-25
1.234543950474159692e-25
1.234543950474159692e-25
1.234543950474159692e-25
1.234543950474159692e-25
1.234543950474159692e-25
1.234543950474159692e-25
1.234543950474159692e-25
1.234543950474159692e-25
1.234543950474159692e-25
1.234543950474159692e-25
1.234543950474159692e-25
1.234543950474159692e-25
1.234543950474159692e-25
1.234543950474159692e-25
1.234543950474159692e-25
1.234543950474159692e-25
1.234543950474159692e-25
1.234543950474159692e-25
1.234543950474159692e-25
1.234543950474159692e-25
1.234543950474159692e-25
1.234543950474159692e-25
1.234543950474159692e-25
1.234543950474159692e-25
1.234543950474159692e-25
1.234543950474159692e-25
1.234543950474159692e-25
1.234543950474159692e-25
1.234543950474159692e-25
1.234543950474159692e-25
1.234543950474159692e-25
1.234543950474159692e-25
1.234543950474159692e-25
1.234543950474159692e-25
1.234543950474159692e-25
1.234543950474159692e-25
1.234543950474159692e-25
1.234543950474159692e-25
1.234543950474159692e-25
1.234543950474159692e-25
1.234543950474159692e-25
1.234543950474159692e-25
1.234543950474159692e-25
1.234543950474159692e-25
1.234543950474159692e-25
1.234543950474159692e-25
1.234543950474159692e-25
1.234543950474159692e-25
1.234543950474159692e-25
6.131078968938236986e-26
4.658704619281293504e-26
3.721784238139018513e-26
